Close,Open
78.27681279042967,78.45255041676532
78.23074034216434,78.36645006492532
78.01998901754824,78.15717469550736
77.74374416427119,77.91800521104838
77.45844494414587,77.6862067647904
77.18635172853945,77.47170955314128
76.93199582775249,77.27417401141986
76.69326428106196,77.09036599308962
76.46639337717997,76.91666209454054
76.24805685371832,76.74971222032057
76.03562176352607,76.58679571194767
75.82724751972337,76.42583791204054
75.62167955188094,76.26536875399168
75.41812549972765,76.10453518506546
75.21622219813922,75.94287340959981
