Close,Open
140.9167930973142,134.04488080408203
142.2862068865577,129.55009397036218
143.32157063195996,126.7404671536731
144.14491786430108,125.60615060885722
144.8935344654153,125.04039520143404
145.63178653453906,124.14587207565246
146.36239770578914,122.75584813017629
147.06437391294617,121.21229582837914
147.7200336177707,119.89802659207972
148.3235909380578,118.95254012775145
148.87840256882714,118.28027831997777
149.39143218000982,117.71297159624869
149.86880426778202,117.1431708903245
150.3151858160088,116.55784959877532
150.73469908173183,115.99689659159095
