Close,Open
80.16500920120234,79.8446929721107
80.25597258825655,80.19530539793892
80.26336837207782,80.56756743136545
80.2845913513629,80.93619087527965
80.34439600914993,81.30429942445154
80.42482600712538,81.67135758834912
80.50634941299359,82.0373447711827
80.58323432450925,82.40213739821412
80.65878133941078,82.76564622102138
80.73705847836754,83.12776826065603
80.81953267370773,83.48841426869605
80.90577607016894,83.84748813145622
80.99510274106069,84.20488000472484
81.0873429025487,84.56049377481669
81.18271387794084,84.91425392383623
