Close,Open
138.62868716917035,138.92614190835775
138.64947213155415,138.33572954146075
138.2880612733709,138.33352012852993
138.1342154948096,138.01345472218054
137.8904405093729,137.88898890879136
137.70568528818353,137.66779473109636
137.504287539011,137.51509900911515
137.32368798683694,137.3363495171816
137.14442513074744,137.18455885591902
136.97574334910928,137.02899489004267
136.81242158642397,136.8865143754374
136.65661046757998,136.74699527274242
136.50674169073557,136.61568161023933
136.36312626933614,136.4890795873598
136.2251884976423,136.36873978607036
