Close,Open
51.47227847508828,51.26048286191326
51.79945886201848,51.53178879694531
52.05986026698941,51.869283215072414
52.29366994173359,52.26687103332836
52.5294828749527,52.71117183820468
52.77253472972456,53.18036066348543
53.01977345020095,53.673001878800505
53.26867970300896,54.18340373152341
53.5186153310167,54.7077980444941
53.76984947005804,55.24353073484758
54.0227289446612,55.78876284187402
54.277495144697816,56.3419346335603
54.53425073022823,56.90180227298458
54.79306229156186,57.46736448552724
55.05397422223832,58.03769897034147
